dbn

clcd
../zjqdata/data

Open file : ../zjqdata/data_train.clc
Read 1498227 Lines
Open file : ../zjqdata/data_test.clc
Read 500470 Lines
Open file : ../zjqdata/data_val.clc
Read 499671 Lines
Format error: 0
Head Format error: 0
Not first page: 0
More than 13 docs' sessions: 0
Less than 10 docs' sessions: 0
Sessions in query with too few sessions: 0
Sessions in query with too much sessions: 0
Querys with too FEW sessions: 0
Querys with too MORE sessions: 0
Ok Sessions: 2498369
Ok querys: 1972
All docs num: 19711
1	-0.135428	-0.134681	-0.135019
2	-0.129342	-0.128766	-0.129171
3	-0.127856	-0.127393	-0.127823
4	-0.127141	-0.126757	-0.127197
5	-0.126651	-0.126326	-0.12677
6	-0.126279	-0.126003	-0.126449
7	-0.125984	-0.125749	-0.126196
8	-0.125742	-0.125542	-0.12599
9	-0.125539	-0.125371	-0.125818
10	-0.125364	-0.125224	-0.125671
11	-0.125212	-0.125098	-0.125544
12	-0.125078	-0.124986	-0.125432
13	-0.124958	-0.124887	-0.125332
14	-0.12485	-0.124797	-0.125242
15	-0.124751	-0.124716	-0.12516
16	-0.124661	-0.124641	-0.125084
17	-0.124578	-0.124573	-0.125015
18	-0.124501	-0.124509	-0.12495
19	-0.124429	-0.124449	-0.12489
20	-0.124362	-0.124393	-0.124833
21	-0.124299	-0.12434	-0.12478
22	-0.124239	-0.12429	-0.124729
23	-0.124182	-0.124242	-0.12468
24	-0.124128	-0.124197	-0.124634
25	-0.124077	-0.124153	-0.124589
26	-0.124027	-0.124111	-0.124547
27	-0.123981	-0.124071	-0.124506
28	-0.123936	-0.124032	-0.124467
29	-0.123893	-0.123996	-0.124429
30	-0.123852	-0.123961	-0.124394
31	-0.123814	-0.123928	-0.12436
32	-0.123777	-0.123896	-0.124327
33	-0.123742	-0.123866	-0.124297
34	-0.123708	-0.123837	-0.124267
35	-0.123677	-0.12381	-0.12424
36	-0.123646	-0.123785	-0.124213
37	-0.123618	-0.12376	-0.124188
38	-0.12359	-0.123737	-0.124164
39	-0.123564	-0.123715	-0.124141
40	-0.123538	-0.123693	-0.124119
41	-0.123514	-0.123673	-0.124098
42	-0.123491	-0.123653	-0.124077
43	-0.123468	-0.123633	-0.124058
44	-0.123446	-0.123615	-0.124038
45	-0.123425	-0.123597	-0.12402
46	-0.123404	-0.123579	-0.124002
47	-0.123384	-0.123562	-0.123984
48	-0.123364	-0.123546	-0.123967
49	-0.123345	-0.123529	-0.12395
50	-0.123326	-0.123513	-0.123933
51	-0.123308	-0.123497	-0.123917
52	-0.12329	-0.123482	-0.123901
53	-0.123272	-0.123467	-0.123886
54	-0.123255	-0.123452	-0.123871
55	-0.123238	-0.123437	-0.123856
56	-0.123222	-0.123423	-0.123841
57	-0.123205	-0.123409	-0.123826
58	-0.12319	-0.123395	-0.123812
59	-0.123174	-0.123381	-0.123799
60	-0.123159	-0.123368	-0.123785
61	-0.123144	-0.123355	-0.123772
62	-0.12313	-0.123342	-0.123759
63	-0.123116	-0.123329	-0.123746
64	-0.123102	-0.123317	-0.123734
65	-0.123088	-0.123305	-0.123722
66	-0.123075	-0.123293	-0.12371
67	-0.123063	-0.123281	-0.123699
68	-0.12305	-0.12327	-0.123688
69	-0.123038	-0.123259	-0.123677
70	-0.123026	-0.123248	-0.123667
71	-0.123015	-0.123238	-0.123657
72	-0.123004	-0.123228	-0.123647
73	-0.122993	-0.123218	-0.123637
74	-0.122982	-0.123208	-0.123627
75	-0.122971	-0.123198	-0.123618
76	-0.122961	-0.123189	-0.123609
77	-0.122951	-0.123179	-0.1236
78	-0.122941	-0.12317	-0.123592
79	-0.122932	-0.123161	-0.123583
80	-0.122922	-0.123153	-0.123575
81	-0.122913	-0.123144	-0.123566
82	-0.122904	-0.123136	-0.123558
83	-0.122895	-0.123127	-0.12355
84	-0.122886	-0.123119	-0.123543
85	-0.122878	-0.123111	-0.123535
86	-0.122869	-0.123103	-0.123527
87	-0.122861	-0.123096	-0.12352
88	-0.122853	-0.123088	-0.123513
89	-0.122845	-0.123081	-0.123506
90	-0.122838	-0.123073	-0.123499
91	-0.12283	-0.123066	-0.123492
92	-0.122823	-0.123059	-0.123485
93	-0.122815	-0.123053	-0.123478
94	-0.122808	-0.123046	-0.123472
95	-0.122801	-0.123039	-0.123465
96	-0.122794	-0.123033	-0.123459
97	-0.122788	-0.123027	-0.123453
98	-0.122781	-0.123021	-0.123447
99	-0.122775	-0.123015	-0.123441
100	-0.122768	-0.123009	-0.123435
101	-0.122762	-0.123003	-0.123429
102	-0.122756	-0.122997	-0.123423
103	-0.12275	-0.122992	-0.123418
104	-0.122744	-0.122986	-0.123412
105	-0.122738	-0.122981	-0.123406
106	-0.122732	-0.122976	-0.123401
107	-0.122727	-0.122971	-0.123396
108	-0.122721	-0.122965	-0.12339
109	-0.122716	-0.12296	-0.123385
110	-0.12271	-0.122955	-0.12338
111	-0.122705	-0.122951	-0.123375
112	-0.122699	-0.122946	-0.12337
113	-0.122694	-0.122941	-0.123365
114	-0.122689	-0.122936	-0.12336
115	-0.122684	-0.122932	-0.123355
116	-0.122679	-0.122927	-0.12335
117	-0.122674	-0.122923	-0.123345
118	-0.122669	-0.122918	-0.12334
119	-0.122664	-0.122914	-0.123336
120	-0.122659	-0.12291	-0.123331
121	-0.122654	-0.122905	-0.123326
122	-0.122649	-0.122901	-0.123322
123	-0.122645	-0.122897	-0.123317
124	-0.12264	-0.122893	-0.123313
125	-0.122635	-0.122889	-0.123309
126	-0.122631	-0.122885	-0.123304
127	-0.122626	-0.122881	-0.1233
128	-0.122622	-0.122877	-0.123296
129	-0.122618	-0.122873	-0.123292
130	-0.122613	-0.122869	-0.123287
131	-0.122609	-0.122865	-0.123283
132	-0.122605	-0.122862	-0.123279
133	-0.122601	-0.122858	-0.123275
134	-0.122597	-0.122855	-0.123271
135	-0.122593	-0.122851	-0.123268
136	-0.122589	-0.122847	-0.123264
137	-0.122585	-0.122844	-0.12326
138	-0.122581	-0.122841	-0.123256
139	-0.122577	-0.122837	-0.123253
140	-0.122573	-0.122834	-0.123249
141	-0.122569	-0.122831	-0.123245
142	-0.122566	-0.122827	-0.123242
143	-0.122562	-0.122824	-0.123238
144	-0.122558	-0.122821	-0.123235
145	-0.122555	-0.122818	-0.123231
146	-0.122551	-0.122815	-0.123228
147	-0.122548	-0.122812	-0.123224
148	-0.122544	-0.122808	-0.123221
149	-0.122541	-0.122805	-0.123218
150	-0.122538	-0.122802	-0.123215
151	-0.122534	-0.1228	-0.123211
152	-0.122531	-0.122797	-0.123208
153	-0.122528	-0.122794	-0.123205
154	-0.122524	-0.122791	-0.123202
155	-0.122521	-0.122788	-0.123199
156	-0.122518	-0.122785	-0.123195
157	-0.122515	-0.122783	-0.123192
158	-0.122512	-0.12278	-0.123189
159	-0.122509	-0.122777	-0.123186
160	-0.122506	-0.122775	-0.123183
161	-0.122503	-0.122772	-0.12318
162	-0.1225	-0.122769	-0.123177
163	-0.122497	-0.122767	-0.123175
164	-0.122494	-0.122764	-0.123172
165	-0.122491	-0.122762	-0.123169
166	-0.122489	-0.122759	-0.123166
167	-0.122486	-0.122757	-0.123163
168	-0.122483	-0.122754	-0.12316
169	-0.12248	-0.122752	-0.123157
170	-0.122477	-0.122749	-0.123155
171	-0.122475	-0.122747	-0.123152
172	-0.122472	-0.122744	-0.123149
173	-0.122469	-0.122742	-0.123146
174	-0.122467	-0.122739	-0.123143
175	-0.122464	-0.122737	-0.123141
176	-0.122461	-0.122735	-0.123138
177	-0.122458	-0.122732	-0.123135
178	-0.122456	-0.12273	-0.123132
179	-0.122453	-0.122727	-0.12313
180	-0.122451	-0.122725	-0.123127
181	-0.122448	-0.122723	-0.123124
182	-0.122445	-0.12272	-0.123121
183	-0.122443	-0.122718	-0.123119
184	-0.12244	-0.122716	-0.123116
185	-0.122438	-0.122713	-0.123114
186	-0.122435	-0.122711	-0.123111
187	-0.122433	-0.122709	-0.123108
188	-0.12243	-0.122707	-0.123106
189	-0.122428	-0.122704	-0.123103
190	-0.122425	-0.122702	-0.123101
191	-0.122423	-0.1227	-0.123098
192	-0.122421	-0.122698	-0.123095
193	-0.122418	-0.122696	-0.123093
194	-0.122416	-0.122693	-0.12309
195	-0.122413	-0.122691	-0.123088
196	-0.122411	-0.122689	-0.123085
197	-0.122409	-0.122687	-0.123083
198	-0.122407	-0.122685	-0.12308
199	-0.122404	-0.122683	-0.123078
200	-0.122402	-0.122681	-0.123076
201	-0.1224	-0.122678	-0.123073
202	-0.122397	-0.122676	-0.123071
203	-0.122395	-0.122674	-0.123068
204	-0.122393	-0.122672	-0.123066
205	-0.122391	-0.12267	-0.123064
206	-0.122389	-0.122668	-0.123061
207	-0.122386	-0.122666	-0.123059
208	-0.122384	-0.122664	-0.123057
209	-0.122382	-0.122662	-0.123054
210	-0.12238	-0.12266	-0.123052
211	-0.122378	-0.122658	-0.12305
212	-0.122376	-0.122656	-0.123047
213	-0.122374	-0.122654	-0.123045
214	-0.122372	-0.122652	-0.123043
215	-0.12237	-0.122651	-0.123041
216	-0.122368	-0.122649	-0.123038
217	-0.122366	-0.122647	-0.123036
218	-0.122364	-0.122645	-0.123034
219	-0.122362	-0.122643	-0.123032
220	-0.12236	-0.122641	-0.12303
221	-0.122358	-0.122639	-0.123028
222	-0.122356	-0.122638	-0.123026
223	-0.122354	-0.122636	-0.123023
224	-0.122352	-0.122634	-0.123021
225	-0.12235	-0.122632	-0.123019
226	-0.122349	-0.122631	-0.123017
227	-0.122347	-0.122629	-0.123015
228	-0.122345	-0.122627	-0.123013
229	-0.122343	-0.122626	-0.123011
230	-0.122341	-0.122624	-0.123009
231	-0.12234	-0.122622	-0.123007
232	-0.122338	-0.122621	-0.123005
233	-0.122336	-0.122619	-0.123003
234	-0.122335	-0.122617	-0.123001
235	-0.122333	-0.122616	-0.122999
236	-0.122331	-0.122614	-0.122998
237	-0.12233	-0.122613	-0.122996
238	-0.122328	-0.122611	-0.122994
239	-0.122326	-0.12261	-0.122992
240	-0.122325	-0.122608	-0.12299
241	-0.122323	-0.122607	-0.122988
242	-0.122322	-0.122605	-0.122986
243	-0.12232	-0.122604	-0.122985
244	-0.122318	-0.122602	-0.122983
245	-0.122317	-0.122601	-0.122981
246	-0.122315	-0.122599	-0.122979
247	-0.122314	-0.122598	-0.122977
248	-0.122312	-0.122596	-0.122976
249	-0.122311	-0.122595	-0.122974
250	-0.122309	-0.122594	-0.122972
251	-0.122308	-0.122592	-0.12297
252	-0.122306	-0.122591	-0.122969
253	-0.122305	-0.12259	-0.122967
254	-0.122304	-0.122588	-0.122965
255	-0.122302	-0.122587	-0.122964
256	-0.122301	-0.122585	-0.122962
257	-0.122299	-0.122584	-0.12296
258	-0.122298	-0.122583	-0.122959
259	-0.122297	-0.122582	-0.122957
260	-0.122295	-0.12258	-0.122955
261	-0.122294	-0.122579	-0.122954
262	-0.122292	-0.122578	-0.122952
263	-0.122291	-0.122576	-0.12295
264	-0.12229	-0.122575	-0.122949
265	-0.122288	-0.122574	-0.122947
266	-0.122287	-0.122573	-0.122945
267	-0.122286	-0.122571	-0.122944
268	-0.122284	-0.12257	-0.122942
269	-0.122283	-0.122569	-0.122941
270	-0.122282	-0.122568	-0.122939
271	-0.12228	-0.122566	-0.122937
272	-0.122279	-0.122565	-0.122936
273	-0.122278	-0.122564	-0.122934
274	-0.122277	-0.122563	-0.122933
275	-0.122275	-0.122562	-0.122931
276	-0.122274	-0.12256	-0.122929
277	-0.122273	-0.122559	-0.122928
278	-0.122271	-0.122558	-0.122926
279	-0.12227	-0.122557	-0.122925
280	-0.122269	-0.122556	-0.122923
281	-0.122268	-0.122554	-0.122922
282	-0.122266	-0.122553	-0.12292
283	-0.122265	-0.122552	-0.122919
284	-0.122264	-0.122551	-0.122917
285	-0.122263	-0.12255	-0.122916
286	-0.122261	-0.122549	-0.122914
287	-0.12226	-0.122548	-0.122913
288	-0.122259	-0.122546	-0.122911
289	-0.122258	-0.122545	-0.12291
290	-0.122257	-0.122544	-0.122908
291	-0.122255	-0.122543	-0.122907
292	-0.122254	-0.122542	-0.122905
293	-0.122253	-0.122541	-0.122904
294	-0.122252	-0.12254	-0.122902
295	-0.122251	-0.122539	-0.122901
296	-0.122249	-0.122538	-0.122899
297	-0.122248	-0.122536	-0.122898
298	-0.122247	-0.122535	-0.122896
299	-0.122246	-0.122534	-0.122895
300	-0.122245	-0.122533	-0.122893
301	-0.122244	-0.122532	-0.122892
302	-0.122242	-0.122531	-0.12289
303	-0.122241	-0.12253	-0.122889
304	-0.12224	-0.122529	-0.122888
305	-0.122239	-0.122528	-0.122886
306	-0.122238	-0.122527	-0.122885
307	-0.122237	-0.122526	-0.122883
308	-0.122236	-0.122525	-0.122882
309	-0.122234	-0.122524	-0.12288
310	-0.122233	-0.122523	-0.122879
311	-0.122232	-0.122521	-0.122878
312	-0.122231	-0.12252	-0.122876
313	-0.12223	-0.122519	-0.122875
314	-0.122229	-0.122518	-0.122873
315	-0.122228	-0.122517	-0.122872
316	-0.122227	-0.122516	-0.122871
317	-0.122226	-0.122515	-0.122869
318	-0.122224	-0.122514	-0.122868
319	-0.122223	-0.122513	-0.122866
320	-0.122222	-0.122512	-0.122865
321	-0.122221	-0.122511	-0.122864
322	-0.12222	-0.12251	-0.122862
323	-0.122219	-0.122509	-0.122861
324	-0.122218	-0.122508	-0.12286
325	-0.122217	-0.122507	-0.122858
326	-0.122216	-0.122506	-0.122857
327	-0.122215	-0.122505	-0.122856
328	-0.122214	-0.122504	-0.122854
329	-0.122213	-0.122503	-0.122853
330	-0.122212	-0.122502	-0.122852
331	-0.122211	-0.122501	-0.12285
332	-0.12221	-0.1225	-0.122849
333	-0.122209	-0.122499	-0.122848
334	-0.122208	-0.122498	-0.122846
335	-0.122207	-0.122498	-0.122845
336	-0.122206	-0.122497	-0.122844
337	-0.122205	-0.122496	-0.122842
338	-0.122204	-0.122495	-0.122841
339	-0.122203	-0.122494	-0.12284
340	-0.122202	-0.122493	-0.122839
341	-0.122201	-0.122492	-0.122837
342	-0.1222	-0.122491	-0.122836
343	-0.122199	-0.12249	-0.122835
344	-0.122198	-0.122489	-0.122833
345	-0.122197	-0.122488	-0.122832
346	-0.122196	-0.122487	-0.122831
347	-0.122195	-0.122486	-0.12283
348	-0.122194	-0.122485	-0.122828
349	-0.122193	-0.122484	-0.122827
350	-0.122192	-0.122484	-0.122826
351	-0.122191	-0.122483	-0.122825
352	-0.12219	-0.122482	-0.122823
353	-0.122189	-0.122481	-0.122822
354	-0.122188	-0.12248	-0.122821
355	-0.122187	-0.122479	-0.12282
356	-0.122186	-0.122478	-0.122819
357	-0.122185	-0.122477	-0.122817
358	-0.122184	-0.122476	-0.122816
359	-0.122184	-0.122476	-0.122815
360	-0.122183	-0.122475	-0.122814
361	-0.122182	-0.122474	-0.122813
362	-0.122181	-0.122473	-0.122811
363	-0.12218	-0.122472	-0.12281
364	-0.122179	-0.122471	-0.122809
365	-0.122178	-0.12247	-0.122808
366	-0.122177	-0.122469	-0.122807
367	-0.122176	-0.122469	-0.122806
368	-0.122175	-0.122468	-0.122804
369	-0.122175	-0.122467	-0.122803
370	-0.122174	-0.122466	-0.122802
371	-0.122173	-0.122465	-0.122801
372	-0.122172	-0.122464	-0.1228
373	-0.122171	-0.122463	-0.122799
374	-0.12217	-0.122463	-0.122797
375	-0.122169	-0.122462	-0.122796
376	-0.122168	-0.122461	-0.122795
377	-0.122168	-0.12246	-0.122794
378	-0.122167	-0.122459	-0.122793
379	-0.122166	-0.122458	-0.122792
380	-0.122165	-0.122458	-0.122791
381	-0.122164	-0.122457	-0.122789
382	-0.122163	-0.122456	-0.122788
383	-0.122162	-0.122455	-0.122787
384	-0.122162	-0.122454	-0.122786
385	-0.122161	-0.122453	-0.122785
386	-0.12216	-0.122453	-0.122784
387	-0.122159	-0.122452	-0.122783
388	-0.122158	-0.122451	-0.122782
389	-0.122157	-0.12245	-0.12278
390	-0.122157	-0.122449	-0.122779
391	-0.122156	-0.122448	-0.122778
392	-0.122155	-0.122448	-0.122777
393	-0.122154	-0.122447	-0.122776
394	-0.122153	-0.122446	-0.122775
395	-0.122152	-0.122445	-0.122774
396	-0.122151	-0.122444	-0.122773
397	-0.122151	-0.122444	-0.122772
398	-0.12215	-0.122443	-0.12277
399	-0.122149	-0.122442	-0.122769
400	-0.122148	-0.122441	-0.122768
401	-0.122147	-0.12244	-0.122767
402	-0.122146	-0.122439	-0.122766
403	-0.122146	-0.122439	-0.122765
404	-0.122145	-0.122438	-0.122764
405	-0.122144	-0.122437	-0.122763
406	-0.122143	-0.122436	-0.122762
407	-0.122142	-0.122435	-0.122761
408	-0.122142	-0.122435	-0.12276
409	-0.122141	-0.122434	-0.122758
410	-0.12214	-0.122433	-0.122757
411	-0.122139	-0.122432	-0.122756
412	-0.122138	-0.122431	-0.122755
413	-0.122137	-0.122431	-0.122754
414	-0.122137	-0.12243	-0.122753
415	-0.122136	-0.122429	-0.122752
416	-0.122135	-0.122428	-0.122751
417	-0.122134	-0.122427	-0.12275
418	-0.122133	-0.122426	-0.122749
419	-0.122132	-0.122426	-0.122748
420	-0.122132	-0.122425	-0.122747
421	-0.122131	-0.122424	-0.122746
422	-0.12213	-0.122423	-0.122745
423	-0.122129	-0.122422	-0.122743
424	-0.122128	-0.122422	-0.122742
425	-0.122128	-0.122421	-0.122741
426	-0.122127	-0.12242	-0.12274
427	-0.122126	-0.122419	-0.122739
428	-0.122125	-0.122418	-0.122738
429	-0.122124	-0.122418	-0.122737
430	-0.122124	-0.122417	-0.122736
431	-0.122123	-0.122416	-0.122735
432	-0.122122	-0.122415	-0.122734
433	-0.122121	-0.122414	-0.122733
434	-0.12212	-0.122414	-0.122732
435	-0.122119	-0.122413	-0.122731
436	-0.122119	-0.122412	-0.12273
437	-0.122118	-0.122411	-0.122729
438	-0.122117	-0.12241	-0.122728
439	-0.122116	-0.12241	-0.122727
440	-0.122115	-0.122409	-0.122726
441	-0.122115	-0.122408	-0.122725
442	-0.122114	-0.122407	-0.122724
443	-0.122113	-0.122406	-0.122723
444	-0.122112	-0.122405	-0.122722
445	-0.122111	-0.122405	-0.122721
446	-0.122111	-0.122404	-0.12272
447	-0.12211	-0.122403	-0.122719
448	-0.122109	-0.122402	-0.122718
449	-0.122108	-0.122401	-0.122717
450	-0.122107	-0.122401	-0.122715
451	-0.122107	-0.1224	-0.122714
452	-0.122106	-0.122399	-0.122713
453	-0.122105	-0.122398	-0.122712
454	-0.122104	-0.122397	-0.122711
455	-0.122103	-0.122397	-0.12271
456	-0.122103	-0.122396	-0.122709
457	-0.122102	-0.122395	-0.122708
458	-0.122101	-0.122394	-0.122707
459	-0.1221	-0.122394	-0.122707
460	-0.1221	-0.122393	-0.122706
461	-0.122099	-0.122392	-0.122705
462	-0.122098	-0.122391	-0.122704
463	-0.122097	-0.12239	-0.122703
464	-0.122096	-0.12239	-0.122702
465	-0.122096	-0.122389	-0.122701
466	-0.122095	-0.122388	-0.1227
467	-0.122094	-0.122387	-0.122699
468	-0.122093	-0.122386	-0.122698
469	-0.122093	-0.122386	-0.122697
470	-0.122092	-0.122385	-0.122696
471	-0.122091	-0.122384	-0.122695
472	-0.12209	-0.122383	-0.122694
473	-0.12209	-0.122383	-0.122693
474	-0.122089	-0.122382	-0.122692
475	-0.122088	-0.122381	-0.122691
476	-0.122087	-0.12238	-0.12269
477	-0.122087	-0.122379	-0.122689
478	-0.122086	-0.122379	-0.122688
479	-0.122085	-0.122378	-0.122687
480	-0.122084	-0.122377	-0.122686
481	-0.122084	-0.122376	-0.122686
482	-0.122083	-0.122376	-0.122685
483	-0.122082	-0.122375	-0.122684
484	-0.122081	-0.122374	-0.122683
485	-0.122081	-0.122373	-0.122682
486	-0.12208	-0.122373	-0.122681
487	-0.122079	-0.122372	-0.12268
488	-0.122078	-0.122371	-0.122679
489	-0.122078	-0.12237	-0.122678
490	-0.122077	-0.12237	-0.122677
491	-0.122076	-0.122369	-0.122676
492	-0.122076	-0.122368	-0.122676
493	-0.122075	-0.122367	-0.122675
494	-0.122074	-0.122367	-0.122674
495	-0.122074	-0.122366	-0.122673
496	-0.122073	-0.122365	-0.122672
497	-0.122072	-0.122364	-0.122671
498	-0.122071	-0.122364	-0.12267
499	-0.122071	-0.122363	-0.12267
500	-0.12207	-0.122362	-0.122669
501	-0.122069	-0.122362	-0.122668
502	-0.122069	-0.122361	-0.122667
503	-0.122068	-0.12236	-0.122666
504	-0.122067	-0.122359	-0.122665
505	-0.122067	-0.122359	-0.122665
506	-0.122066	-0.122358	-0.122664
507	-0.122065	-0.122357	-0.122663
508	-0.122065	-0.122357	-0.122662
509	-0.122064	-0.122356	-0.122661
510	-0.122063	-0.122355	-0.122661
511	-0.122063	-0.122354	-0.12266
512	-0.122062	-0.122354	-0.122659
513	-0.122062	-0.122353	-0.122658
514	-0.122061	-0.122352	-0.122657
515	-0.12206	-0.122352	-0.122657
516	-0.12206	-0.122351	-0.122656
517	-0.122059	-0.12235	-0.122655
518	-0.122058	-0.12235	-0.122654
519	-0.122058	-0.122349	-0.122654
520	-0.122057	-0.122348	-0.122653
521	-0.122057	-0.122348	-0.122652
522	-0.122056	-0.122347	-0.122651
523	-0.122055	-0.122346	-0.122651
524	-0.122055	-0.122346	-0.12265
525	-0.122054	-0.122345	-0.122649
526	-0.122054	-0.122344	-0.122648
527	-0.122053	-0.122344	-0.122648
528	-0.122053	-0.122343	-0.122647
529	-0.122052	-0.122343	-0.122646
530	-0.122051	-0.122342	-0.122646
531	-0.122051	-0.122341	-0.122645
532	-0.12205	-0.122341	-0.122644
533	-0.12205	-0.12234	-0.122643
534	-0.122049	-0.122339	-0.122643
535	-0.122049	-0.122339	-0.122642
536	-0.122048	-0.122338	-0.122641
537	-0.122048	-0.122338	-0.122641
538	-0.122047	-0.122337	-0.12264
539	-0.122046	-0.122336	-0.122639
540	-0.122046	-0.122336	-0.122639
541	-0.122045	-0.122335	-0.122638
542	-0.122045	-0.122335	-0.122637
543	-0.122044	-0.122334	-0.122637
544	-0.122044	-0.122334	-0.122636
545	-0.122043	-0.122333	-0.122636
546	-0.122043	-0.122332	-0.122635
547	-0.122042	-0.122332	-0.122634
548	-0.122042	-0.122331	-0.122634
549	-0.122041	-0.122331	-0.122633
550	-0.122041	-0.12233	-0.122633
551	-0.12204	-0.12233	-0.122632
552	-0.12204	-0.122329	-0.122631
553	-0.122039	-0.122328	-0.122631
554	-0.122039	-0.122328	-0.12263
555	-0.122038	-0.122327	-0.12263
556	-0.122038	-0.122327	-0.122629
557	-0.122037	-0.122326	-0.122628
558	-0.122037	-0.122326	-0.122628
559	-0.122036	-0.122325	-0.122627
560	-0.122036	-0.122325	-0.122627
561	-0.122035	-0.122324	-0.122626
562	-0.122035	-0.122324	-0.122626
563	-0.122035	-0.122323	-0.122625
564	-0.122034	-0.122323	-0.122625
565	-0.122034	-0.122322	-0.122624
566	-0.122033	-0.122322	-0.122623
567	-0.122033	-0.122321	-0.122623
568	-0.122032	-0.122321	-0.122622
569	-0.122032	-0.12232	-0.122622
570	-0.122031	-0.122319	-0.122621
571	-0.122031	-0.122319	-0.122621
572	-0.12203	-0.122319	-0.12262
573	-0.12203	-0.122318	-0.12262
574	-0.12203	-0.122318	-0.122619
575	-0.122029	-0.122317	-0.122619
576	-0.122029	-0.122317	-0.122618
577	-0.122028	-0.122316	-0.122618
578	-0.122028	-0.122316	-0.122617
579	-0.122027	-0.122315	-0.122617
580	-0.122027	-0.122315	-0.122616
581	-0.122027	-0.122314	-0.122616
582	-0.122026	-0.122314	-0.122616
583	-0.122026	-0.122313	-0.122615
584	-0.122025	-0.122313	-0.122615
585	-0.122025	-0.122312	-0.122614
586	-0.122024	-0.122312	-0.122614
587	-0.122024	-0.122311	-0.122613
588	-0.122024	-0.122311	-0.122613
589	-0.122023	-0.122311	-0.122612
590	-0.122023	-0.12231	-0.122612
591	-0.122022	-0.12231	-0.122612
592	-0.122022	-0.122309	-0.122611
593	-0.122022	-0.122309	-0.122611
594	-0.122021	-0.122308	-0.12261
595	-0.122021	-0.122308	-0.12261
596	-0.12202	-0.122308	-0.12261
597	-0.12202	-0.122307	-0.122609
598	-0.12202	-0.122307	-0.122609
599	-0.122019	-0.122306	-0.122608
600	-0.122019	-0.122306	-0.122608
601	-0.122019	-0.122306	-0.122608
602	-0.122018	-0.122305	-0.122607
603	-0.122018	-0.122305	-0.122607
604	-0.122018	-0.122304	-0.122607
605	-0.122017	-0.122304	-0.122606
606	-0.122017	-0.122304	-0.122606
607	-0.122016	-0.122303	-0.122606
608	-0.122016	-0.122303	-0.122605
609	-0.122016	-0.122303	-0.122605
610	-0.122015	-0.122302	-0.122605
611	-0.122015	-0.122302	-0.122604
612	-0.122015	-0.122301	-0.122604
613	-0.122014	-0.122301	-0.122604
614	-0.122014	-0.122301	-0.122603
615	-0.122014	-0.1223	-0.122603
616	-0.122013	-0.1223	-0.122603
617	-0.122013	-0.1223	-0.122602
618	-0.122013	-0.122299	-0.122602
619	-0.122013	-0.122299	-0.122602
620	-0.122012	-0.122299	-0.122601
621	-0.122012	-0.122298	-0.122601
622	-0.122012	-0.122298	-0.122601
623	-0.122011	-0.122298	-0.122601
624	-0.122011	-0.122297	-0.1226
625	-0.122011	-0.122297	-0.1226
626	-0.12201	-0.122297	-0.1226
627	-0.12201	-0.122296	-0.122599
628	-0.12201	-0.122296	-0.122599
629	-0.12201	-0.122296	-0.122599
630	-0.122009	-0.122296	-0.122599
631	-0.122009	-0.122295	-0.122598
632	-0.122009	-0.122295	-0.122598
633	-0.122008	-0.122295	-0.122598
634	-0.122008	-0.122294	-0.122597
635	-0.122008	-0.122294	-0.122597
636	-0.122008	-0.122294	-0.122597
637	-0.122007	-0.122293	-0.122597
638	-0.122007	-0.122293	-0.122596
639	-0.122007	-0.122293	-0.122596
640	-0.122007	-0.122293	-0.122596
641	-0.122006	-0.122292	-0.122596
642	-0.122006	-0.122292	-0.122595
643	-0.122006	-0.122292	-0.122595
644	-0.122006	-0.122291	-0.122595
645	-0.122005	-0.122291	-0.122594
646	-0.122005	-0.122291	-0.122594
647	-0.122005	-0.122291	-0.122594
648	-0.122005	-0.12229	-0.122594
649	-0.122004	-0.12229	-0.122593
650	-0.122004	-0.12229	-0.122593
651	-0.122004	-0.122289	-0.122593
652	-0.122004	-0.122289	-0.122593
653	-0.122003	-0.122289	-0.122592
654	-0.122003	-0.122289	-0.122592
655	-0.122003	-0.122288	-0.122592
656	-0.122003	-0.122288	-0.122592
657	-0.122002	-0.122288	-0.122591
658	-0.122002	-0.122288	-0.122591
659	-0.122002	-0.122287	-0.122591
660	-0.122002	-0.122287	-0.122591
661	-0.122001	-0.122287	-0.12259
662	-0.122001	-0.122286	-0.12259
663	-0.122001	-0.122286	-0.12259
664	-0.122001	-0.122286	-0.122589
665	-0.122001	-0.122286	-0.122589
666	-0.122	-0.122285	-0.122589
667	-0.122	-0.122285	-0.122589
668	-0.122	-0.122285	-0.122588
669	-0.122	-0.122285	-0.122588
670	-0.121999	-0.122284	-0.122588
671	-0.121999	-0.122284	-0.122588
672	-0.121999	-0.122284	-0.122587
673	-0.121999	-0.122284	-0.122587
674	-0.121998	-0.122283	-0.122587
675	-0.121998	-0.122283	-0.122587
676	-0.121998	-0.122283	-0.122586
677	-0.121998	-0.122283	-0.122586
678	-0.121998	-0.122282	-0.122586
679	-0.121997	-0.122282	-0.122586
680	-0.121997	-0.122282	-0.122585
681	-0.121997	-0.122282	-0.122585
682	-0.121997	-0.122281	-0.122585
683	-0.121997	-0.122281	-0.122585
684	-0.121996	-0.122281	-0.122584
685	-0.121996	-0.122281	-0.122584
686	-0.121996	-0.12228	-0.122584
687	-0.121996	-0.12228	-0.122583
688	-0.121995	-0.12228	-0.122583
689	-0.121995	-0.12228	-0.122583
690	-0.121995	-0.122279	-0.122583
691	-0.121995	-0.122279	-0.122582
692	-0.121995	-0.122279	-0.122582
693	-0.121994	-0.122279	-0.122582
694	-0.121994	-0.122278	-0.122582
695	-0.121994	-0.122278	-0.122581
696	-0.121994	-0.122278	-0.122581
697	-0.121994	-0.122278	-0.122581
698	-0.121993	-0.122277	-0.122581
699	-0.121993	-0.122277	-0.12258
700	-0.121993	-0.122277	-0.12258
701	-0.121993	-0.122277	-0.12258
702	-0.121992	-0.122276	-0.12258
703	-0.121992	-0.122276	-0.122579
704	-0.121992	-0.122276	-0.122579
705	-0.121992	-0.122276	-0.122579
706	-0.121992	-0.122275	-0.122579
707	-0.121991	-0.122275	-0.122578
708	-0.121991	-0.122275	-0.122578
709	-0.121991	-0.122275	-0.122578
710	-0.121991	-0.122274	-0.122578
711	-0.121991	-0.122274	-0.122577
712	-0.12199	-0.122274	-0.122577
713	-0.12199	-0.122274	-0.122577
714	-0.12199	-0.122273	-0.122577
715	-0.12199	-0.122273	-0.122576
716	-0.12199	-0.122273	-0.122576
717	-0.121989	-0.122273	-0.122576
718	-0.121989	-0.122272	-0.122576
719	-0.121989	-0.122272	-0.122575
720	-0.121989	-0.122272	-0.122575
721	-0.121989	-0.122272	-0.122575
722	-0.121988	-0.122271	-0.122574
723	-0.121988	-0.122271	-0.122574
724	-0.121988	-0.122271	-0.122574
725	-0.121988	-0.122271	-0.122574
726	-0.121988	-0.12227	-0.122574
727	-0.121987	-0.12227	-0.122573
728	-0.121987	-0.12227	-0.122573
729	-0.121987	-0.12227	-0.122573
730	-0.121987	-0.122269	-0.122573
731	-0.121987	-0.122269	-0.122572
732	-0.121986	-0.122269	-0.122572
733	-0.121986	-0.122269	-0.122572
734	-0.121986	-0.122268	-0.122572
735	-0.121986	-0.122268	-0.122571
736	-0.121986	-0.122268	-0.122571
737	-0.121985	-0.122268	-0.122571
738	-0.121985	-0.122267	-0.122571
739	-0.121985	-0.122267	-0.12257
740	-0.121985	-0.122267	-0.12257
741	-0.121985	-0.122267	-0.12257
742	-0.121984	-0.122266	-0.12257
743	-0.121984	-0.122266	-0.122569
744	-0.121984	-0.122266	-0.122569
745	-0.121984	-0.122266	-0.122569
746	-0.121984	-0.122266	-0.122569
747	-0.121983	-0.122265	-0.122568
748	-0.121983	-0.122265	-0.122568
749	-0.121983	-0.122265	-0.122568
750	-0.121983	-0.122265	-0.122568
751	-0.121983	-0.122264	-0.122567
752	-0.121982	-0.122264	-0.122567
753	-0.121982	-0.122264	-0.122567
754	-0.121982	-0.122264	-0.122567
755	-0.121982	-0.122263	-0.122567
756	-0.121982	-0.122263	-0.122566
757	-0.121982	-0.122263	-0.122566
758	-0.121981	-0.122263	-0.122566
759	-0.121981	-0.122262	-0.122566
760	-0.121981	-0.122262	-0.122565
761	-0.121981	-0.122262	-0.122565
762	-0.121981	-0.122262	-0.122565
763	-0.12198	-0.122262	-0.122565
764	-0.12198	-0.122261	-0.122565
765	-0.12198	-0.122261	-0.122564
766	-0.12198	-0.122261	-0.122564
767	-0.12198	-0.122261	-0.122564
768	-0.121979	-0.12226	-0.122564
769	-0.121979	-0.12226	-0.122563
770	-0.121979	-0.12226	-0.122563
771	-0.121979	-0.12226	-0.122563
772	-0.121979	-0.122259	-0.122563
773	-0.121979	-0.122259	-0.122563
774	-0.121978	-0.122259	-0.122562
775	-0.121978	-0.122259	-0.122562
776	-0.121978	-0.122259	-0.122562
777	-0.121978	-0.122258	-0.122562
778	-0.121978	-0.122258	-0.122562
779	-0.121978	-0.122258	-0.122561
780	-0.121977	-0.122258	-0.122561
781	-0.121977	-0.122257	-0.122561
782	-0.121977	-0.122257	-0.122561
783	-0.121977	-0.122257	-0.122561
784	-0.121977	-0.122257	-0.12256
785	-0.121977	-0.122257	-0.12256
786	-0.121976	-0.122256	-0.12256
787	-0.121976	-0.122256	-0.12256
788	-0.121976	-0.122256	-0.12256
789	-0.121976	-0.122256	-0.122559
790	-0.121976	-0.122256	-0.122559
791	-0.121976	-0.122255	-0.122559
792	-0.121975	-0.122255	-0.122559
793	-0.121975	-0.122255	-0.122559
794	-0.121975	-0.122255	-0.122558
795	-0.121975	-0.122255	-0.122558
796	-0.121975	-0.122254	-0.122558
797	-0.121975	-0.122254	-0.122558
798	-0.121974	-0.122254	-0.122558
799	-0.121974	-0.122254	-0.122557
800	-0.121974	-0.122254	-0.122557
801	-0.121974	-0.122253	-0.122557
802	-0.121974	-0.122253	-0.122557
803	-0.121974	-0.122253	-0.122557
804	-0.121974	-0.122253	-0.122557
805	-0.121973	-0.122253	-0.122556
806	-0.121973	-0.122252	-0.122556
807	-0.121973	-0.122252	-0.122556
808	-0.121973	-0.122252	-0.122556
809	-0.121973	-0.122252	-0.122556
810	-0.121973	-0.122252	-0.122556
811	-0.121973	-0.122251	-0.122555
812	-0.121972	-0.122251	-0.122555
813	-0.121972	-0.122251	-0.122555
814	-0.121972	-0.122251	-0.122555
815	-0.121972	-0.122251	-0.122555
816	-0.121972	-0.122251	-0.122555
817	-0.121972	-0.12225	-0.122554
818	-0.121972	-0.12225	-0.122554
819	-0.121971	-0.12225	-0.122554
820	-0.121971	-0.12225	-0.122554
821	-0.121971	-0.12225	-0.122554
822	-0.121971	-0.122249	-0.122554
823	-0.121971	-0.122249	-0.122553
824	-0.121971	-0.122249	-0.122553
825	-0.121971	-0.122249	-0.122553
826	-0.12197	-0.122249	-0.122553
827	-0.12197	-0.122249	-0.122553
828	-0.12197	-0.122248	-0.122553
829	-0.12197	-0.122248	-0.122552
830	-0.12197	-0.122248	-0.122552
831	-0.12197	-0.122248	-0.122552
832	-0.12197	-0.122248	-0.122552
833	-0.121969	-0.122248	-0.122552
834	-0.121969	-0.122247	-0.122552
835	-0.121969	-0.122247	-0.122552
836	-0.121969	-0.122247	-0.122551
837	-0.121969	-0.122247	-0.122551
838	-0.121969	-0.122247	-0.122551
839	-0.121969	-0.122247	-0.122551
840	-0.121969	-0.122246	-0.122551
841	-0.121968	-0.122246	-0.122551
842	-0.121968	-0.122246	-0.122551
843	-0.121968	-0.122246	-0.12255
844	-0.121968	-0.122246	-0.12255
845	-0.121968	-0.122246	-0.12255
846	-0.121968	-0.122245	-0.12255
847	-0.121968	-0.122245	-0.12255
848	-0.121968	-0.122245	-0.12255
849	-0.121967	-0.122245	-0.12255
850	-0.121967	-0.122245	-0.122549
851	-0.121967	-0.122245	-0.122549
852	-0.121967	-0.122244	-0.122549
853	-0.121967	-0.122244	-0.122549
854	-0.121967	-0.122244	-0.122549
855	-0.121967	-0.122244	-0.122549
856	-0.121967	-0.122244	-0.122549
857	-0.121966	-0.122244	-0.122548
858	-0.121966	-0.122244	-0.122548
859	-0.121966	-0.122243	-0.122548
860	-0.121966	-0.122243	-0.122548
861	-0.121966	-0.122243	-0.122548
862	-0.121966	-0.122243	-0.122548
863	-0.121966	-0.122243	-0.122548
864	-0.121966	-0.122243	-0.122548
865	-0.121966	-0.122242	-0.122547
866	-0.121965	-0.122242	-0.122547
867	-0.121965	-0.122242	-0.122547
868	-0.121965	-0.122242	-0.122547
869	-0.121965	-0.122242	-0.122547
870	-0.121965	-0.122242	-0.122547
871	-0.121965	-0.122242	-0.122547
872	-0.121965	-0.122241	-0.122546
873	-0.121965	-0.122241	-0.122546
874	-0.121965	-0.122241	-0.122546
875	-0.121964	-0.122241	-0.122546
876	-0.121964	-0.122241	-0.122546
877	-0.121964	-0.122241	-0.122546
878	-0.121964	-0.122241	-0.122546
879	-0.121964	-0.12224	-0.122546
880	-0.121964	-0.12224	-0.122546
881	-0.121964	-0.12224	-0.122545
882	-0.121964	-0.12224	-0.122545
883	-0.121964	-0.12224	-0.122545
884	-0.121963	-0.12224	-0.122545
885	-0.121963	-0.12224	-0.122545
886	-0.121963	-0.12224	-0.122545
887	-0.121963	-0.122239	-0.122545
888	-0.121963	-0.122239	-0.122545
889	-0.121963	-0.122239	-0.122544
890	-0.121963	-0.122239	-0.122544
891	-0.121963	-0.122239	-0.122544
892	-0.121963	-0.122239	-0.122544
893	-0.121962	-0.122239	-0.122544
894	-0.121962	-0.122238	-0.122544
895	-0.121962	-0.122238	-0.122544
896	-0.121962	-0.122238	-0.122544
897	-0.121962	-0.122238	-0.122544
898	-0.121962	-0.122238	-0.122543
899	-0.121962	-0.122238	-0.122543
900	-0.121962	-0.122238	-0.122543
901	-0.121962	-0.122238	-0.122543
902	-0.121962	-0.122237	-0.122543
903	-0.121961	-0.122237	-0.122543
904	-0.121961	-0.122237	-0.122543
905	-0.121961	-0.122237	-0.122543
906	-0.121961	-0.122237	-0.122543
907	-0.121961	-0.122237	-0.122542
908	-0.121961	-0.122237	-0.122542
909	-0.121961	-0.122237	-0.122542
910	-0.121961	-0.122236	-0.122542
911	-0.121961	-0.122236	-0.122542
912	-0.121961	-0.122236	-0.122542
913	-0.12196	-0.122236	-0.122542
914	-0.12196	-0.122236	-0.122542
915	-0.12196	-0.122236	-0.122542
916	-0.12196	-0.122236	-0.122542
917	-0.12196	-0.122236	-0.122541
918	-0.12196	-0.122235	-0.122541
919	-0.12196	-0.122235	-0.122541
920	-0.12196	-0.122235	-0.122541
921	-0.12196	-0.122235	-0.122541
922	-0.12196	-0.122235	-0.122541
923	-0.121959	-0.122235	-0.122541
924	-0.121959	-0.122235	-0.122541
925	-0.121959	-0.122235	-0.122541
926	-0.121959	-0.122234	-0.122541
927	-0.121959	-0.122234	-0.12254
928	-0.121959	-0.122234	-0.12254
929	-0.121959	-0.122234	-0.12254
930	-0.121959	-0.122234	-0.12254
931	-0.121959	-0.122234	-0.12254
932	-0.121959	-0.122234	-0.12254
933	-0.121958	-0.122234	-0.12254
934	-0.121958	-0.122234	-0.12254
935	-0.121958	-0.122233	-0.12254
936	-0.121958	-0.122233	-0.12254
937	-0.121958	-0.122233	-0.12254
938	-0.121958	-0.122233	-0.122539
939	-0.121958	-0.122233	-0.122539
940	-0.121958	-0.122233	-0.122539
941	-0.121958	-0.122233	-0.122539
942	-0.121958	-0.122233	-0.122539
943	-0.121958	-0.122232	-0.122539
944	-0.121957	-0.122232	-0.122539
945	-0.121957	-0.122232	-0.122539
946	-0.121957	-0.122232	-0.122539
947	-0.121957	-0.122232	-0.122539
948	-0.121957	-0.122232	-0.122538
949	-0.121957	-0.122232	-0.122538
950	-0.121957	-0.122232	-0.122538
951	-0.121957	-0.122232	-0.122538
952	-0.121957	-0.122231	-0.122538
953	-0.121957	-0.122231	-0.122538
954	-0.121957	-0.122231	-0.122538
955	-0.121956	-0.122231	-0.122538
956	-0.121956	-0.122231	-0.122538
957	-0.121956	-0.122231	-0.122538
958	-0.121956	-0.122231	-0.122538
959	-0.121956	-0.122231	-0.122538
960	-0.121956	-0.122231	-0.122537
961	-0.121956	-0.122231	-0.122537
962	-0.121956	-0.12223	-0.122537
963	-0.121956	-0.12223	-0.122537
964	-0.121956	-0.12223	-0.122537
965	-0.121956	-0.12223	-0.122537
966	-0.121956	-0.12223	-0.122537
967	-0.121955	-0.12223	-0.122537
968	-0.121955	-0.12223	-0.122537
969	-0.121955	-0.12223	-0.122537
970	-0.121955	-0.12223	-0.122537
971	-0.121955	-0.122229	-0.122536
972	-0.121955	-0.122229	-0.122536
973	-0.121955	-0.122229	-0.122536
974	-0.121955	-0.122229	-0.122536
975	-0.121955	-0.122229	-0.122536
976	-0.121955	-0.122229	-0.122536
977	-0.121955	-0.122229	-0.122536
978	-0.121954	-0.122229	-0.122536
979	-0.121954	-0.122229	-0.122536
980	-0.121954	-0.122229	-0.122536
981	-0.121954	-0.122228	-0.122536
982	-0.121954	-0.122228	-0.122536
983	-0.121954	-0.122228	-0.122535
984	-0.121954	-0.122228	-0.122535
985	-0.121954	-0.122228	-0.122535
986	-0.121954	-0.122228	-0.122535
987	-0.121954	-0.122228	-0.122535
988	-0.121954	-0.122228	-0.122535
989	-0.121954	-0.122228	-0.122535
990	-0.121953	-0.122228	-0.122535
991	-0.121953	-0.122227	-0.122535
992	-0.121953	-0.122227	-0.122535
993	-0.121953	-0.122227	-0.122535
994	-0.121953	-0.122227	-0.122535
995	-0.121953	-0.122227	-0.122535
996	-0.121953	-0.122227	-0.122534
997	-0.121953	-0.122227	-0.122534
998	-0.121953	-0.122227	-0.122534
999	-0.121953	-0.122227	-0.122534
1000	-0.121953	-0.122227	-0.122534
1001	-0.121953	-0.122226	-0.122534
1002	-0.121952	-0.122226	-0.122534
1003	-0.121952	-0.122226	-0.122534
1004	-0.121952	-0.122226	-0.122534
1005	-0.121952	-0.122226	-0.122534
1006	-0.121952	-0.122226	-0.122534
1007	-0.121952	-0.122226	-0.122534
1008	-0.121952	-0.122226	-0.122533
1009	-0.121952	-0.122226	-0.122533
1010	-0.121952	-0.122226	-0.122533
1011	-0.121952	-0.122226	-0.122533
1012	-0.121952	-0.122225	-0.122533
1013	-0.121952	-0.122225	-0.122533
1014	-0.121951	-0.122225	-0.122533
1015	-0.121951	-0.122225	-0.122533
1016	-0.121951	-0.122225	-0.122533
1017	-0.121951	-0.122225	-0.122533
1018	-0.121951	-0.122225	-0.122533
1019	-0.121951	-0.122225	-0.122533
1020	-0.121951	-0.122225	-0.122533
1021	-0.121951	-0.122225	-0.122532
1022	-0.121951	-0.122225	-0.122532
1023	-0.121951	-0.122224	-0.122532
1024	-0.121951	-0.122224	-0.122532
Test Module Dbn:
Test_cnt:	500470
Log likelihood(Log e):	-0.12253225
Position Perplexity(Base 2):
1.55792584	1.29571534	1.16047388	1.11680685	1.08399432	1.05816535	1.04389237	1.03435357	1.02729234	1.02301418	
Perplexity:	1.14016340


