dbn

clcd
../zjqdata/data

Open file : ../zjqdata/data_train.clc
Read 1498227 Lines
Open file : ../zjqdata/data_test.clc
Read 500470 Lines
Open file : ../zjqdata/data_val.clc
Read 499671 Lines
Format error: 0
Head Format error: 0
Not first page: 0
More than 13 docs' sessions: 0
Less than 10 docs' sessions: 0
Sessions in query with too few sessions: 0
Sessions in query with too much sessions: 0
Querys with too FEW sessions: 0
Querys with too MORE sessions: 0
Ok Sessions: 2498369
Ok querys: 1972
All docs num: 19711
1	1.15546	1.15456	1.15495
2	1.14805	1.14735	1.14781
3	1.14627	1.1457	1.14619
4	1.14543	1.14495	1.14545
5	1.14486	1.14445	1.14495
6	1.14443	1.14407	1.14457
7	1.14409	1.14377	1.14428
8	1.14381	1.14353	1.14404
9	1.14358	1.14334	1.14384
10	1.14338	1.14317	1.14367
11	1.1432	1.14302	1.14352
12	1.14305	1.14289	1.1434
13	1.14291	1.14278	1.14328
14	1.14279	1.14268	1.14318
15	1.14268	1.14259	1.14308
16	1.14258	1.1425	1.143
17	1.14248	1.14242	1.14292
18	1.14239	1.14235	1.14285
19	1.14231	1.14228	1.14278
20	1.14224	1.14222	1.14271
21	1.14217	1.14216	1.14265
22	1.1421	1.14211	1.1426
23	1.14204	1.14205	1.14254
24	1.14198	1.142	1.14249
25	1.14192	1.14195	1.14244
26	1.14187	1.14191	1.14239
27	1.14181	1.14186	1.14235
28	1.14176	1.14182	1.14231
29	1.14172	1.14178	1.14226
30	1.14167	1.14174	1.14222
31	1.14163	1.1417	1.14219
32	1.14159	1.14167	1.14215
33	1.14155	1.14164	1.14212
34	1.14151	1.1416	1.14208
35	1.14148	1.14157	1.14205
36	1.14145	1.14155	1.14202
37	1.14141	1.14152	1.142
38	1.14138	1.14149	1.14197
39	1.14136	1.14147	1.14194
40	1.14133	1.14145	1.14192
41	1.1413	1.14142	1.1419
42	1.14127	1.1414	1.14187
43	1.14125	1.14138	1.14185
44	1.14123	1.14136	1.14183
45	1.1412	1.14134	1.14181
46	1.14118	1.14132	1.14179
47	1.14116	1.1413	1.14177
48	1.14114	1.14128	1.14175
49	1.14111	1.14126	1.14173
50	1.14109	1.14125	1.14171
51	1.14107	1.14123	1.1417
52	1.14105	1.14121	1.14168
53	1.14103	1.1412	1.14166
54	1.14102	1.14118	1.14164
55	1.141	1.14116	1.14163
56	1.14098	1.14115	1.14161
57	1.14096	1.14113	1.1416
58	1.14094	1.14112	1.14158
59	1.14093	1.1411	1.14156
60	1.14091	1.14109	1.14155
61	1.1409	1.14107	1.14153
62	1.14088	1.14106	1.14152
63	1.14086	1.14105	1.14151
64	1.14085	1.14103	1.14149
65	1.14083	1.14102	1.14148
66	1.14082	1.14101	1.14147
67	1.14081	1.14099	1.14145
68	1.14079	1.14098	1.14144
69	1.14078	1.14097	1.14143
70	1.14077	1.14096	1.14142
71	1.14075	1.14095	1.14141
72	1.14074	1.14093	1.1414
73	1.14073	1.14092	1.14139
74	1.14072	1.14091	1.14138
75	1.14071	1.1409	1.14137
76	1.1407	1.14089	1.14136
77	1.14068	1.14088	1.14135
78	1.14067	1.14087	1.14134
79	1.14066	1.14086	1.14133
80	1.14065	1.14085	1.14132
81	1.14064	1.14084	1.14131
82	1.14063	1.14083	1.1413
83	1.14062	1.14083	1.14129
84	1.14061	1.14082	1.14128
85	1.14061	1.14081	1.14127
86	1.1406	1.1408	1.14127
87	1.14059	1.14079	1.14126
88	1.14058	1.14078	1.14125
89	1.14057	1.14077	1.14124
90	1.14056	1.14077	1.14123
91	1.14055	1.14076	1.14123
92	1.14054	1.14075	1.14122
93	1.14054	1.14074	1.14121
94	1.14053	1.14074	1.1412
95	1.14052	1.14073	1.1412
96	1.14051	1.14072	1.14119
97	1.14051	1.14072	1.14118
98	1.1405	1.14071	1.14118
99	1.14049	1.1407	1.14117
100	1.14049	1.1407	1.14116
101	1.14048	1.14069	1.14116
102	1.14047	1.14068	1.14115
103	1.14047	1.14068	1.14114
104	1.14046	1.14067	1.14114
105	1.14045	1.14067	1.14113
106	1.14045	1.14066	1.14113
107	1.14044	1.14065	1.14112
108	1.14043	1.14065	1.14111
109	1.14043	1.14064	1.14111
110	1.14042	1.14064	1.1411
111	1.14042	1.14063	1.1411
112	1.14041	1.14063	1.14109
113	1.14041	1.14062	1.14109
114	1.1404	1.14062	1.14108
115	1.14039	1.14061	1.14107
116	1.14039	1.14061	1.14107
117	1.14038	1.1406	1.14106
118	1.14038	1.1406	1.14106
119	1.14037	1.14059	1.14105
120	1.14037	1.14059	1.14105
121	1.14036	1.14058	1.14104
122	1.14036	1.14058	1.14104
123	1.14035	1.14057	1.14103
124	1.14035	1.14057	1.14103
125	1.14034	1.14056	1.14102
126	1.14034	1.14056	1.14102
127	1.14033	1.14056	1.14101
128	1.14033	1.14055	1.14101
129	1.14032	1.14055	1.141
130	1.14032	1.14054	1.141
131	1.14031	1.14054	1.141
132	1.14031	1.14054	1.14099
133	1.1403	1.14053	1.14099
134	1.1403	1.14053	1.14098
135	1.14029	1.14052	1.14098
136	1.14029	1.14052	1.14097
137	1.14029	1.14052	1.14097
138	1.14028	1.14051	1.14097
139	1.14028	1.14051	1.14096
140	1.14027	1.1405	1.14096
141	1.14027	1.1405	1.14095
142	1.14027	1.1405	1.14095
143	1.14026	1.14049	1.14095
144	1.14026	1.14049	1.14094
145	1.14025	1.14049	1.14094
146	1.14025	1.14048	1.14093
147	1.14025	1.14048	1.14093
148	1.14024	1.14048	1.14093
149	1.14024	1.14047	1.14092
150	1.14023	1.14047	1.14092
151	1.14023	1.14047	1.14092
152	1.14023	1.14046	1.14091
153	1.14022	1.14046	1.14091
154	1.14022	1.14046	1.1409
155	1.14022	1.14045	1.1409
156	1.14021	1.14045	1.1409
157	1.14021	1.14045	1.14089
158	1.14021	1.14045	1.14089
159	1.1402	1.14044	1.14089
160	1.1402	1.14044	1.14088
161	1.1402	1.14044	1.14088
162	1.14019	1.14043	1.14088
163	1.14019	1.14043	1.14087
164	1.14019	1.14043	1.14087
165	1.14018	1.14043	1.14087
166	1.14018	1.14042	1.14087
167	1.14018	1.14042	1.14086
168	1.14017	1.14042	1.14086
169	1.14017	1.14041	1.14086
170	1.14017	1.14041	1.14085
171	1.14017	1.14041	1.14085
172	1.14016	1.14041	1.14085
173	1.14016	1.1404	1.14084
174	1.14016	1.1404	1.14084
175	1.14015	1.1404	1.14084
176	1.14015	1.1404	1.14083
177	1.14015	1.14039	1.14083
178	1.14015	1.14039	1.14083
179	1.14014	1.14039	1.14082
180	1.14014	1.14039	1.14082
181	1.14014	1.14038	1.14082
182	1.14013	1.14038	1.14082
183	1.14013	1.14038	1.14081
184	1.14013	1.14037	1.14081
185	1.14013	1.14037	1.14081
186	1.14012	1.14037	1.1408
187	1.14012	1.14037	1.1408
188	1.14012	1.14036	1.1408
189	1.14011	1.14036	1.1408
190	1.14011	1.14036	1.14079
191	1.14011	1.14036	1.14079
192	1.14011	1.14036	1.14079
193	1.1401	1.14035	1.14078
194	1.1401	1.14035	1.14078
195	1.1401	1.14035	1.14078
196	1.1401	1.14035	1.14078
197	1.14009	1.14034	1.14077
198	1.14009	1.14034	1.14077
199	1.14009	1.14034	1.14077
200	1.14009	1.14034	1.14077
201	1.14008	1.14033	1.14076
202	1.14008	1.14033	1.14076
203	1.14008	1.14033	1.14076
204	1.14008	1.14033	1.14075
205	1.14007	1.14033	1.14075
206	1.14007	1.14032	1.14075
207	1.14007	1.14032	1.14075
208	1.14007	1.14032	1.14074
209	1.14007	1.14032	1.14074
210	1.14006	1.14031	1.14074
211	1.14006	1.14031	1.14074
212	1.14006	1.14031	1.14073
213	1.14006	1.14031	1.14073
214	1.14005	1.14031	1.14073
215	1.14005	1.1403	1.14073
216	1.14005	1.1403	1.14072
217	1.14005	1.1403	1.14072
218	1.14004	1.1403	1.14072
219	1.14004	1.1403	1.14072
220	1.14004	1.14029	1.14071
221	1.14004	1.14029	1.14071
222	1.14004	1.14029	1.14071
223	1.14003	1.14029	1.14071
224	1.14003	1.14029	1.14071
225	1.14003	1.14028	1.1407
226	1.14003	1.14028	1.1407
227	1.14003	1.14028	1.1407
228	1.14002	1.14028	1.1407
229	1.14002	1.14028	1.14069
230	1.14002	1.14027	1.14069
231	1.14002	1.14027	1.14069
232	1.14002	1.14027	1.14069
233	1.14001	1.14027	1.14069
234	1.14001	1.14027	1.14068
235	1.14001	1.14027	1.14068
236	1.14001	1.14026	1.14068
237	1.14001	1.14026	1.14068
238	1.14001	1.14026	1.14068
239	1.14	1.14026	1.14067
240	1.14	1.14026	1.14067
241	1.14	1.14026	1.14067
242	1.14	1.14025	1.14067
243	1.14	1.14025	1.14066
244	1.14	1.14025	1.14066
245	1.13999	1.14025	1.14066
246	1.13999	1.14025	1.14066
247	1.13999	1.14025	1.14066
248	1.13999	1.14024	1.14066
249	1.13999	1.14024	1.14065
250	1.13999	1.14024	1.14065
251	1.13998	1.14024	1.14065
252	1.13998	1.14024	1.14065
253	1.13998	1.14024	1.14065
254	1.13998	1.14024	1.14064
255	1.13998	1.14023	1.14064
256	1.13998	1.14023	1.14064
257	1.13997	1.14023	1.14064
258	1.13997	1.14023	1.14064
259	1.13997	1.14023	1.14063
260	1.13997	1.14023	1.14063
261	1.13997	1.14022	1.14063
262	1.13997	1.14022	1.14063
263	1.13997	1.14022	1.14063
264	1.13996	1.14022	1.14063
265	1.13996	1.14022	1.14062
266	1.13996	1.14022	1.14062
267	1.13996	1.14022	1.14062
268	1.13996	1.14022	1.14062
269	1.13996	1.14021	1.14062
270	1.13996	1.14021	1.14061
271	1.13995	1.14021	1.14061
272	1.13995	1.14021	1.14061
273	1.13995	1.14021	1.14061
274	1.13995	1.14021	1.14061
275	1.13995	1.14021	1.14061
276	1.13995	1.1402	1.1406
277	1.13995	1.1402	1.1406
278	1.13994	1.1402	1.1406
279	1.13994	1.1402	1.1406
280	1.13994	1.1402	1.1406
281	1.13994	1.1402	1.1406
282	1.13994	1.1402	1.14059
283	1.13994	1.1402	1.14059
284	1.13994	1.14019	1.14059
285	1.13993	1.14019	1.14059
286	1.13993	1.14019	1.14059
287	1.13993	1.14019	1.14059
288	1.13993	1.14019	1.14058
289	1.13993	1.14019	1.14058
290	1.13993	1.14019	1.14058
291	1.13993	1.14019	1.14058
292	1.13992	1.14018	1.14058
293	1.13992	1.14018	1.14058
294	1.13992	1.14018	1.14057
295	1.13992	1.14018	1.14057
296	1.13992	1.14018	1.14057
297	1.13992	1.14018	1.14057
298	1.13992	1.14018	1.14057
299	1.13992	1.14018	1.14057
300	1.13991	1.14017	1.14056
301	1.13991	1.14017	1.14056
302	1.13991	1.14017	1.14056
303	1.13991	1.14017	1.14056
304	1.13991	1.14017	1.14056
305	1.13991	1.14017	1.14056
306	1.13991	1.14017	1.14055
307	1.13991	1.14017	1.14055
308	1.1399	1.14016	1.14055
309	1.1399	1.14016	1.14055
310	1.1399	1.14016	1.14055
311	1.1399	1.14016	1.14055
312	1.1399	1.14016	1.14055
313	1.1399	1.14016	1.14054
314	1.1399	1.14016	1.14054
315	1.1399	1.14016	1.14054
316	1.13989	1.14016	1.14054
317	1.13989	1.14015	1.14054
318	1.13989	1.14015	1.14054
319	1.13989	1.14015	1.14053
320	1.13989	1.14015	1.14053
321	1.13989	1.14015	1.14053
322	1.13989	1.14015	1.14053
323	1.13989	1.14015	1.14053
324	1.13988	1.14015	1.14053
325	1.13988	1.14015	1.14053
326	1.13988	1.14014	1.14052
327	1.13988	1.14014	1.14052
328	1.13988	1.14014	1.14052
329	1.13988	1.14014	1.14052
330	1.13988	1.14014	1.14052
331	1.13988	1.14014	1.14052
332	1.13988	1.14014	1.14052
333	1.13987	1.14014	1.14051
334	1.13987	1.14014	1.14051
335	1.13987	1.14013	1.14051
336	1.13987	1.14013	1.14051
337	1.13987	1.14013	1.14051
338	1.13987	1.14013	1.14051
339	1.13987	1.14013	1.1405
340	1.13987	1.14013	1.1405
341	1.13987	1.14013	1.1405
342	1.13986	1.14013	1.1405
343	1.13986	1.14013	1.1405
344	1.13986	1.14013	1.1405
345	1.13986	1.14012	1.1405
346	1.13986	1.14012	1.1405
347	1.13986	1.14012	1.14049
348	1.13986	1.14012	1.14049
349	1.13986	1.14012	1.14049
350	1.13986	1.14012	1.14049
351	1.13986	1.14012	1.14049
352	1.13985	1.14012	1.14049
353	1.13985	1.14012	1.14049
354	1.13985	1.14012	1.14048
355	1.13985	1.14011	1.14048
356	1.13985	1.14011	1.14048
357	1.13985	1.14011	1.14048
358	1.13985	1.14011	1.14048
359	1.13985	1.14011	1.14048
360	1.13985	1.14011	1.14048
361	1.13984	1.14011	1.14047
362	1.13984	1.14011	1.14047
363	1.13984	1.14011	1.14047
364	1.13984	1.14011	1.14047
365	1.13984	1.1401	1.14047
366	1.13984	1.1401	1.14047
367	1.13984	1.1401	1.14047
368	1.13984	1.1401	1.14047
369	1.13984	1.1401	1.14046
370	1.13984	1.1401	1.14046
371	1.13983	1.1401	1.14046
372	1.13983	1.1401	1.14046
373	1.13983	1.1401	1.14046
374	1.13983	1.1401	1.14046
375	1.13983	1.1401	1.14046
376	1.13983	1.14009	1.14046
377	1.13983	1.14009	1.14045
378	1.13983	1.14009	1.14045
379	1.13983	1.14009	1.14045
380	1.13983	1.14009	1.14045
381	1.13983	1.14009	1.14045
382	1.13982	1.14009	1.14045
383	1.13982	1.14009	1.14045
384	1.13982	1.14009	1.14045
385	1.13982	1.14009	1.14044
386	1.13982	1.14008	1.14044
387	1.13982	1.14008	1.14044
388	1.13982	1.14008	1.14044
389	1.13982	1.14008	1.14044
390	1.13982	1.14008	1.14044
391	1.13982	1.14008	1.14044
392	1.13982	1.14008	1.14044
393	1.13981	1.14008	1.14043
394	1.13981	1.14008	1.14043
395	1.13981	1.14008	1.14043
396	1.13981	1.14008	1.14043
397	1.13981	1.14007	1.14043
398	1.13981	1.14007	1.14043
399	1.13981	1.14007	1.14043
400	1.13981	1.14007	1.14043
401	1.13981	1.14007	1.14042
402	1.13981	1.14007	1.14042
403	1.1398	1.14007	1.14042
404	1.1398	1.14007	1.14042
405	1.1398	1.14007	1.14042
406	1.1398	1.14007	1.14042
407	1.1398	1.14007	1.14042
408	1.1398	1.14006	1.14042
409	1.1398	1.14006	1.14042
410	1.1398	1.14006	1.14041
411	1.1398	1.14006	1.14041
412	1.1398	1.14006	1.14041
413	1.1398	1.14006	1.14041
414	1.13979	1.14006	1.14041
415	1.13979	1.14006	1.14041
416	1.13979	1.14006	1.14041
417	1.13979	1.14006	1.14041
418	1.13979	1.14006	1.1404
419	1.13979	1.14006	1.1404
420	1.13979	1.14005	1.1404
421	1.13979	1.14005	1.1404
422	1.13979	1.14005	1.1404
423	1.13979	1.14005	1.1404
424	1.13979	1.14005	1.1404
425	1.13978	1.14005	1.1404
426	1.13978	1.14005	1.1404
427	1.13978	1.14005	1.14039
428	1.13978	1.14005	1.14039
429	1.13978	1.14005	1.14039
430	1.13978	1.14005	1.14039
431	1.13978	1.14004	1.14039
432	1.13978	1.14004	1.14039
433	1.13978	1.14004	1.14039
434	1.13978	1.14004	1.14039
435	1.13978	1.14004	1.14038
436	1.13977	1.14004	1.14038
437	1.13977	1.14004	1.14038
438	1.13977	1.14004	1.14038
439	1.13977	1.14004	1.14038
440	1.13977	1.14004	1.14038
441	1.13977	1.14004	1.14038
442	1.13977	1.14003	1.14038
443	1.13977	1.14003	1.14038
444	1.13977	1.14003	1.14037
445	1.13977	1.14003	1.14037
446	1.13977	1.14003	1.14037
447	1.13977	1.14003	1.14037
448	1.13976	1.14003	1.14037
449	1.13976	1.14003	1.14037
450	1.13976	1.14003	1.14037
451	1.13976	1.14003	1.14037
452	1.13976	1.14003	1.14037
453	1.13976	1.14002	1.14036
454	1.13976	1.14002	1.14036
455	1.13976	1.14002	1.14036
456	1.13976	1.14002	1.14036
457	1.13976	1.14002	1.14036
458	1.13976	1.14002	1.14036
459	1.13975	1.14002	1.14036
460	1.13975	1.14002	1.14036
461	1.13975	1.14002	1.14036
462	1.13975	1.14002	1.14035
463	1.13975	1.14002	1.14035
464	1.13975	1.14002	1.14035
465	1.13975	1.14001	1.14035
466	1.13975	1.14001	1.14035
467	1.13975	1.14001	1.14035
468	1.13975	1.14001	1.14035
469	1.13975	1.14001	1.14035
470	1.13975	1.14001	1.14035
471	1.13974	1.14001	1.14035
472	1.13974	1.14001	1.14034
473	1.13974	1.14001	1.14034
474	1.13974	1.14001	1.14034
475	1.13974	1.14001	1.14034
476	1.13974	1.14	1.14034
477	1.13974	1.14	1.14034
478	1.13974	1.14	1.14034
479	1.13974	1.14	1.14034
480	1.13974	1.14	1.14034
481	1.13974	1.14	1.14033
482	1.13974	1.14	1.14033
483	1.13973	1.14	1.14033
484	1.13973	1.14	1.14033
485	1.13973	1.14	1.14033
486	1.13973	1.14	1.14033
487	1.13973	1.14	1.14033
488	1.13973	1.13999	1.14033
489	1.13973	1.13999	1.14033
490	1.13973	1.13999	1.14033
491	1.13973	1.13999	1.14032
492	1.13973	1.13999	1.14032
493	1.13973	1.13999	1.14032
494	1.13973	1.13999	1.14032
495	1.13972	1.13999	1.14032
496	1.13972	1.13999	1.14032
497	1.13972	1.13999	1.14032
498	1.13972	1.13999	1.14032
499	1.13972	1.13999	1.14032
500	1.13972	1.13998	1.14032
501	1.13972	1.13998	1.14032
502	1.13972	1.13998	1.14031
503	1.13972	1.13998	1.14031
504	1.13972	1.13998	1.14031
505	1.13972	1.13998	1.14031
506	1.13972	1.13998	1.14031
507	1.13972	1.13998	1.14031
508	1.13972	1.13998	1.14031
509	1.13971	1.13998	1.14031
510	1.13971	1.13998	1.14031
511	1.13971	1.13998	1.14031
512	1.13971	1.13998	1.14031
513	1.13971	1.13997	1.1403
514	1.13971	1.13997	1.1403
515	1.13971	1.13997	1.1403
516	1.13971	1.13997	1.1403
517	1.13971	1.13997	1.1403
518	1.13971	1.13997	1.1403
519	1.13971	1.13997	1.1403
520	1.13971	1.13997	1.1403
521	1.13971	1.13997	1.1403
522	1.13971	1.13997	1.1403
523	1.1397	1.13997	1.1403
524	1.1397	1.13997	1.1403
525	1.1397	1.13997	1.14029
526	1.1397	1.13996	1.14029
527	1.1397	1.13996	1.14029
528	1.1397	1.13996	1.14029
529	1.1397	1.13996	1.14029
530	1.1397	1.13996	1.14029
531	1.1397	1.13996	1.14029
532	1.1397	1.13996	1.14029
533	1.1397	1.13996	1.14029
534	1.1397	1.13996	1.14029
535	1.1397	1.13996	1.14029
536	1.1397	1.13996	1.14029
537	1.1397	1.13996	1.14028
538	1.1397	1.13996	1.14028
539	1.13969	1.13996	1.14028
540	1.13969	1.13996	1.14028
541	1.13969	1.13995	1.14028
542	1.13969	1.13995	1.14028
543	1.13969	1.13995	1.14028
544	1.13969	1.13995	1.14028
545	1.13969	1.13995	1.14028
546	1.13969	1.13995	1.14028
547	1.13969	1.13995	1.14028
548	1.13969	1.13995	1.14028
549	1.13969	1.13995	1.14028
550	1.13969	1.13995	1.14028
551	1.13969	1.13995	1.14028
552	1.13969	1.13995	1.14027
553	1.13969	1.13995	1.14027
554	1.13969	1.13995	1.14027
555	1.13969	1.13995	1.14027
556	1.13969	1.13995	1.14027
557	1.13968	1.13994	1.14027
558	1.13968	1.13994	1.14027
559	1.13968	1.13994	1.14027
560	1.13968	1.13994	1.14027
561	1.13968	1.13994	1.14027
562	1.13968	1.13994	1.14027
563	1.13968	1.13994	1.14027
564	1.13968	1.13994	1.14027
565	1.13968	1.13994	1.14027
566	1.13968	1.13994	1.14027
567	1.13968	1.13994	1.14027
568	1.13968	1.13994	1.14026
569	1.13968	1.13994	1.14026
570	1.13968	1.13994	1.14026
571	1.13968	1.13994	1.14026
572	1.13968	1.13994	1.14026
573	1.13968	1.13994	1.14026
574	1.13968	1.13993	1.14026
575	1.13968	1.13993	1.14026
576	1.13967	1.13993	1.14026
577	1.13967	1.13993	1.14026
578	1.13967	1.13993	1.14026
579	1.13967	1.13993	1.14026
580	1.13967	1.13993	1.14026
581	1.13967	1.13993	1.14026
582	1.13967	1.13993	1.14026
583	1.13967	1.13993	1.14026
584	1.13967	1.13993	1.14026
585	1.13967	1.13993	1.14026
586	1.13967	1.13993	1.14025
587	1.13967	1.13993	1.14025
588	1.13967	1.13993	1.14025
589	1.13967	1.13993	1.14025
590	1.13967	1.13993	1.14025
591	1.13967	1.13993	1.14025
592	1.13967	1.13993	1.14025
593	1.13967	1.13992	1.14025
594	1.13967	1.13992	1.14025
595	1.13967	1.13992	1.14025
596	1.13967	1.13992	1.14025
597	1.13967	1.13992	1.14025
598	1.13966	1.13992	1.14025
599	1.13966	1.13992	1.14025
600	1.13966	1.13992	1.14025
601	1.13966	1.13992	1.14025
602	1.13966	1.13992	1.14025
603	1.13966	1.13992	1.14025
604	1.13966	1.13992	1.14025
605	1.13966	1.13992	1.14025
606	1.13966	1.13992	1.14025
607	1.13966	1.13992	1.14025
608	1.13966	1.13992	1.14025
609	1.13966	1.13992	1.14024
610	1.13966	1.13992	1.14024
611	1.13966	1.13992	1.14024
612	1.13966	1.13992	1.14024
613	1.13966	1.13992	1.14024
614	1.13966	1.13992	1.14024
615	1.13966	1.13992	1.14024
616	1.13966	1.13992	1.14024
617	1.13966	1.13991	1.14024
618	1.13966	1.13991	1.14024
619	1.13966	1.13991	1.14024
620	1.13966	1.13991	1.14024
621	1.13966	1.13991	1.14024
622	1.13966	1.13991	1.14024
623	1.13966	1.13991	1.14024
624	1.13965	1.13991	1.14024
625	1.13965	1.13991	1.14024
626	1.13965	1.13991	1.14024
627	1.13965	1.13991	1.14024
628	1.13965	1.13991	1.14024
629	1.13965	1.13991	1.14024
630	1.13965	1.13991	1.14024
631	1.13965	1.13991	1.14024
632	1.13965	1.13991	1.14024
633	1.13965	1.13991	1.14024
634	1.13965	1.13991	1.14024
635	1.13965	1.13991	1.14024
636	1.13965	1.13991	1.14024
637	1.13965	1.13991	1.14024
638	1.13965	1.13991	1.14024
639	1.13965	1.13991	1.14024
640	1.13965	1.13991	1.14023
641	1.13965	1.13991	1.14023
642	1.13965	1.13991	1.14023
643	1.13965	1.13991	1.14023
644	1.13965	1.13991	1.14023
645	1.13965	1.1399	1.14023
646	1.13965	1.1399	1.14023
647	1.13965	1.1399	1.14023
648	1.13965	1.1399	1.14023
649	1.13965	1.1399	1.14023
650	1.13965	1.1399	1.14023
651	1.13965	1.1399	1.14023
652	1.13965	1.1399	1.14023
653	1.13965	1.1399	1.14023
654	1.13965	1.1399	1.14023
655	1.13965	1.1399	1.14023
656	1.13965	1.1399	1.14023
657	1.13964	1.1399	1.14023
658	1.13964	1.1399	1.14023
659	1.13964	1.1399	1.14023
660	1.13964	1.1399	1.14023
661	1.13964	1.1399	1.14023
662	1.13964	1.1399	1.14023
663	1.13964	1.1399	1.14023
664	1.13964	1.1399	1.14023
665	1.13964	1.1399	1.14023
666	1.13964	1.1399	1.14023
667	1.13964	1.1399	1.14023
668	1.13964	1.1399	1.14023
669	1.13964	1.1399	1.14023
670	1.13964	1.1399	1.14023
671	1.13964	1.1399	1.14023
672	1.13964	1.1399	1.14023
673	1.13964	1.1399	1.14023
674	1.13964	1.1399	1.14022
675	1.13964	1.1399	1.14022
676	1.13964	1.1399	1.14022
677	1.13964	1.1399	1.14022
678	1.13964	1.13989	1.14022
679	1.13964	1.13989	1.14022
680	1.13964	1.13989	1.14022
681	1.13964	1.13989	1.14022
682	1.13964	1.13989	1.14022
683	1.13964	1.13989	1.14022
684	1.13964	1.13989	1.14022
685	1.13964	1.13989	1.14022
686	1.13964	1.13989	1.14022
687	1.13964	1.13989	1.14022
688	1.13964	1.13989	1.14022
689	1.13964	1.13989	1.14022
690	1.13964	1.13989	1.14022
691	1.13964	1.13989	1.14022
692	1.13964	1.13989	1.14022
693	1.13964	1.13989	1.14022
694	1.13964	1.13989	1.14022
695	1.13964	1.13989	1.14022
696	1.13964	1.13989	1.14022
697	1.13963	1.13989	1.14022
698	1.13963	1.13989	1.14022
699	1.13963	1.13989	1.14022
700	1.13963	1.13989	1.14022
701	1.13963	1.13989	1.14022
702	1.13963	1.13989	1.14022
703	1.13963	1.13989	1.14022
704	1.13963	1.13989	1.14022
705	1.13963	1.13989	1.14022
706	1.13963	1.13989	1.14022
707	1.13963	1.13989	1.14022
708	1.13963	1.13989	1.14021
709	1.13963	1.13989	1.14021
710	1.13963	1.13989	1.14021
711	1.13963	1.13989	1.14021
712	1.13963	1.13989	1.14021
713	1.13963	1.13989	1.14021
714	1.13963	1.13988	1.14021
715	1.13963	1.13988	1.14021
716	1.13963	1.13988	1.14021
717	1.13963	1.13988	1.14021
718	1.13963	1.13988	1.14021
719	1.13963	1.13988	1.14021
720	1.13963	1.13988	1.14021
721	1.13963	1.13988	1.14021
722	1.13963	1.13988	1.14021
723	1.13963	1.13988	1.14021
724	1.13963	1.13988	1.14021
725	1.13963	1.13988	1.14021
726	1.13963	1.13988	1.14021
727	1.13963	1.13988	1.14021
728	1.13963	1.13988	1.14021
729	1.13963	1.13988	1.14021
730	1.13963	1.13988	1.14021
731	1.13963	1.13988	1.14021
732	1.13963	1.13988	1.14021
733	1.13963	1.13988	1.14021
734	1.13963	1.13988	1.14021
735	1.13963	1.13988	1.14021
736	1.13963	1.13988	1.14021
737	1.13963	1.13988	1.14021
738	1.13963	1.13988	1.14021
739	1.13963	1.13988	1.14021
740	1.13963	1.13988	1.14021
741	1.13962	1.13988	1.14021
742	1.13962	1.13988	1.14021
743	1.13962	1.13988	1.14021
744	1.13962	1.13988	1.1402
745	1.13962	1.13988	1.1402
746	1.13962	1.13988	1.1402
747	1.13962	1.13988	1.1402
748	1.13962	1.13988	1.1402
749	1.13962	1.13988	1.1402
750	1.13962	1.13987	1.1402
751	1.13962	1.13987	1.1402
752	1.13962	1.13987	1.1402
753	1.13962	1.13987	1.1402
754	1.13962	1.13987	1.1402
755	1.13962	1.13987	1.1402
756	1.13962	1.13987	1.1402
757	1.13962	1.13987	1.1402
758	1.13962	1.13987	1.1402
759	1.13962	1.13987	1.1402
760	1.13962	1.13987	1.1402
761	1.13962	1.13987	1.1402
762	1.13962	1.13987	1.1402
763	1.13962	1.13987	1.1402
764	1.13962	1.13987	1.1402
765	1.13962	1.13987	1.1402
766	1.13962	1.13987	1.1402
767	1.13962	1.13987	1.1402
768	1.13962	1.13987	1.1402
769	1.13962	1.13987	1.1402
770	1.13962	1.13987	1.1402
771	1.13962	1.13987	1.1402
772	1.13962	1.13987	1.1402
773	1.13962	1.13987	1.1402
774	1.13962	1.13987	1.1402
775	1.13962	1.13987	1.1402
776	1.13962	1.13987	1.1402
777	1.13962	1.13987	1.1402
778	1.13962	1.13987	1.1402
779	1.13962	1.13987	1.1402
780	1.13962	1.13987	1.1402
781	1.13962	1.13987	1.1402
782	1.13962	1.13987	1.1402
783	1.13962	1.13987	1.1402
784	1.13962	1.13987	1.1402
785	1.13962	1.13987	1.14019
786	1.13962	1.13987	1.14019
787	1.13962	1.13987	1.14019
788	1.13962	1.13987	1.14019
789	1.13962	1.13986	1.14019
790	1.13961	1.13986	1.14019
791	1.13961	1.13986	1.14019
792	1.13961	1.13986	1.14019
793	1.13961	1.13986	1.14019
794	1.13961	1.13986	1.14019
795	1.13961	1.13986	1.14019
796	1.13961	1.13986	1.14019
797	1.13961	1.13986	1.14019
798	1.13961	1.13986	1.14019
799	1.13961	1.13986	1.14019
800	1.13961	1.13986	1.14019
801	1.13961	1.13986	1.14019
802	1.13961	1.13986	1.14019
803	1.13961	1.13986	1.14019
804	1.13961	1.13986	1.14019
805	1.13961	1.13986	1.14019
806	1.13961	1.13986	1.14019
807	1.13961	1.13986	1.14019
808	1.13961	1.13986	1.14019
809	1.13961	1.13986	1.14019
810	1.13961	1.13986	1.14019
811	1.13961	1.13986	1.14019
812	1.13961	1.13986	1.14019
813	1.13961	1.13986	1.14019
814	1.13961	1.13986	1.14019
815	1.13961	1.13986	1.14019
816	1.13961	1.13986	1.14019
817	1.13961	1.13986	1.14019
818	1.13961	1.13986	1.14019
819	1.13961	1.13986	1.14019
820	1.13961	1.13986	1.14019
821	1.13961	1.13986	1.14019
822	1.13961	1.13986	1.14019
823	1.13961	1.13986	1.14019
824	1.13961	1.13986	1.14019
825	1.13961	1.13986	1.14019
826	1.13961	1.13986	1.14019
827	1.13961	1.13986	1.14019
828	1.13961	1.13986	1.14019
829	1.13961	1.13986	1.14019
830	1.13961	1.13986	1.14019
831	1.13961	1.13986	1.14019
832	1.13961	1.13986	1.14019
833	1.13961	1.13986	1.14019
834	1.13961	1.13986	1.14019
835	1.13961	1.13986	1.14019
836	1.13961	1.13985	1.14018
837	1.13961	1.13985	1.14018
838	1.13961	1.13985	1.14018
839	1.13961	1.13985	1.14018
840	1.13961	1.13985	1.14018
841	1.13961	1.13985	1.14018
842	1.13961	1.13985	1.14018
843	1.13961	1.13985	1.14018
844	1.13961	1.13985	1.14018
845	1.13961	1.13985	1.14018
846	1.13961	1.13985	1.14018
847	1.13961	1.13985	1.14018
848	1.13961	1.13985	1.14018
849	1.13961	1.13985	1.14018
850	1.13961	1.13985	1.14018
851	1.13961	1.13985	1.14018
852	1.13961	1.13985	1.14018
853	1.1396	1.13985	1.14018
854	1.1396	1.13985	1.14018
855	1.1396	1.13985	1.14018
856	1.1396	1.13985	1.14018
857	1.1396	1.13985	1.14018
858	1.1396	1.13985	1.14018
859	1.1396	1.13985	1.14018
860	1.1396	1.13985	1.14018
861	1.1396	1.13985	1.14018
862	1.1396	1.13985	1.14018
863	1.1396	1.13985	1.14018
864	1.1396	1.13985	1.14018
865	1.1396	1.13985	1.14018
866	1.1396	1.13985	1.14018
867	1.1396	1.13985	1.14018
868	1.1396	1.13985	1.14018
869	1.1396	1.13985	1.14018
870	1.1396	1.13985	1.14018
871	1.1396	1.13985	1.14018
872	1.1396	1.13985	1.14018
873	1.1396	1.13985	1.14018
874	1.1396	1.13985	1.14018
875	1.1396	1.13985	1.14018
876	1.1396	1.13985	1.14018
877	1.1396	1.13985	1.14018
878	1.1396	1.13985	1.14018
879	1.1396	1.13985	1.14018
880	1.1396	1.13985	1.14018
881	1.1396	1.13985	1.14018
882	1.1396	1.13985	1.14018
883	1.1396	1.13985	1.14018
884	1.1396	1.13985	1.14018
885	1.1396	1.13985	1.14018
886	1.1396	1.13985	1.14018
887	1.1396	1.13985	1.14018
888	1.1396	1.13985	1.14018
889	1.1396	1.13985	1.14018
890	1.1396	1.13985	1.14018
891	1.1396	1.13985	1.14018
892	1.1396	1.13985	1.14018
893	1.1396	1.13985	1.14018
894	1.1396	1.13985	1.14018
895	1.1396	1.13985	1.14018
896	1.1396	1.13984	1.14018
897	1.1396	1.13984	1.14018
898	1.1396	1.13984	1.14018
899	1.1396	1.13984	1.14018
900	1.1396	1.13984	1.14018
901	1.1396	1.13984	1.14018
902	1.1396	1.13984	1.14018
903	1.1396	1.13984	1.14018
904	1.1396	1.13984	1.14018
905	1.1396	1.13984	1.14018
906	1.1396	1.13984	1.14017
907	1.1396	1.13984	1.14017
908	1.1396	1.13984	1.14017
909	1.1396	1.13984	1.14017
910	1.1396	1.13984	1.14017
911	1.1396	1.13984	1.14017
912	1.1396	1.13984	1.14017
913	1.1396	1.13984	1.14017
914	1.1396	1.13984	1.14017
915	1.1396	1.13984	1.14017
916	1.1396	1.13984	1.14017
917	1.1396	1.13984	1.14017
918	1.1396	1.13984	1.14017
919	1.1396	1.13984	1.14017
920	1.1396	1.13984	1.14017
921	1.1396	1.13984	1.14017
922	1.1396	1.13984	1.14017
923	1.1396	1.13984	1.14017
924	1.1396	1.13984	1.14017
925	1.1396	1.13984	1.14017
926	1.1396	1.13984	1.14017
927	1.1396	1.13984	1.14017
928	1.1396	1.13984	1.14017
929	1.1396	1.13984	1.14017
930	1.1396	1.13984	1.14017
931	1.1396	1.13984	1.14017
932	1.1396	1.13984	1.14017
933	1.1396	1.13984	1.14017
934	1.1396	1.13984	1.14017
935	1.1396	1.13984	1.14017
936	1.1396	1.13984	1.14017
937	1.1396	1.13984	1.14017
938	1.13959	1.13984	1.14017
939	1.13959	1.13984	1.14017
940	1.13959	1.13984	1.14017
941	1.13959	1.13984	1.14017
942	1.13959	1.13984	1.14017
943	1.13959	1.13984	1.14017
944	1.13959	1.13984	1.14017
945	1.13959	1.13984	1.14017
946	1.13959	1.13984	1.14017
947	1.13959	1.13984	1.14017
948	1.13959	1.13984	1.14017
949	1.13959	1.13984	1.14017
950	1.13959	1.13984	1.14017
951	1.13959	1.13984	1.14017
952	1.13959	1.13984	1.14017
953	1.13959	1.13984	1.14017
954	1.13959	1.13984	1.14017
955	1.13959	1.13984	1.14017
956	1.13959	1.13984	1.14017
957	1.13959	1.13984	1.14017
958	1.13959	1.13984	1.14017
959	1.13959	1.13984	1.14017
960	1.13959	1.13984	1.14017
961	1.13959	1.13984	1.14017
962	1.13959	1.13984	1.14017
963	1.13959	1.13984	1.14017
964	1.13959	1.13984	1.14017
965	1.13959	1.13984	1.14017
966	1.13959	1.13984	1.14017
967	1.13959	1.13984	1.14017
968	1.13959	1.13984	1.14017
969	1.13959	1.13984	1.14017
970	1.13959	1.13984	1.14017
971	1.13959	1.13984	1.14017
972	1.13959	1.13984	1.14017
973	1.13959	1.13984	1.14017
974	1.13959	1.13983	1.14017
975	1.13959	1.13983	1.14017
976	1.13959	1.13983	1.14017
977	1.13959	1.13983	1.14017
978	1.13959	1.13983	1.14017
979	1.13959	1.13983	1.14017
980	1.13959	1.13983	1.14017
981	1.13959	1.13983	1.14017
982	1.13959	1.13983	1.14017
983	1.13959	1.13983	1.14017
984	1.13959	1.13983	1.14017
985	1.13959	1.13983	1.14017
986	1.13959	1.13983	1.14017
987	1.13959	1.13983	1.14017
988	1.13959	1.13983	1.14017
989	1.13959	1.13983	1.14017
990	1.13959	1.13983	1.14017
991	1.13959	1.13983	1.14017
992	1.13959	1.13983	1.14017
993	1.13959	1.13983	1.14017
994	1.13959	1.13983	1.14017
995	1.13959	1.13983	1.14017
996	1.13959	1.13983	1.14017
997	1.13959	1.13983	1.14017
998	1.13959	1.13983	1.14017
999	1.13959	1.13983	1.14017
1000	1.13959	1.13983	1.14017
1001	1.13959	1.13983	1.14017
1002	1.13959	1.13983	1.14017
1003	1.13959	1.13983	1.14017
1004	1.13959	1.13983	1.14017
1005	1.13959	1.13983	1.14017
1006	1.13959	1.13983	1.14016
1007	1.13959	1.13983	1.14016
1008	1.13959	1.13983	1.14016
1009	1.13959	1.13983	1.14016
1010	1.13959	1.13983	1.14016
1011	1.13959	1.13983	1.14016
1012	1.13959	1.13983	1.14016
1013	1.13959	1.13983	1.14016
1014	1.13959	1.13983	1.14016
1015	1.13959	1.13983	1.14016
1016	1.13959	1.13983	1.14016
1017	1.13959	1.13983	1.14016
1018	1.13959	1.13983	1.14016
1019	1.13959	1.13983	1.14016
1020	1.13959	1.13983	1.14016
1021	1.13959	1.13983	1.14016
1022	1.13959	1.13983	1.14016
1023	1.13959	1.13983	1.14016
1024	1.13959	1.13983	1.14016
Test Module Dbn:
Test_cnt:	500470
Log likelihood(Log e):	-0.12253225
Position Perplexity(Base 2):
1.55792584	1.29571534	1.16047388	1.11680685	1.08399432	1.05816535	1.04389237	1.03435357	1.02729234	1.02301418	
Perplexity:	1.14016340


